7 Marks

   Student Number Bash01 Bash02 Elm01 Elm02
   001403800      5.0    0.0    5.0   0.0
   400028494      5.0    0.0    0.0   0.0
   400029661      5.0    0.0    2.0   5.0
   400033011      5.0    5.0    4.0   5.0
   400053192      5.0    5.0    3.0   5.0
   400054943      5.0    5.0    0.0   5.0
   400069771      5.0    5.0    5.0   5.0
   400075917      5.0    5.0    3.0   5.0
   400078727      5.0    5.0    5.0   5.0
   400079145      5.0    0.0    4.0   0.0
   400085796      5.0    3.0    3.0   0.0
   400109902      5.0    5.0    3.0   5.0
   400110406      5.0    5.0    5.0   3.0
   400110713      5.0    5.0    5.0   5.0
   400111892      5.0    4.0    5.0   5.0
   400112525      5.0    5.0    3.0   5.0
   400115102      5.0    5.0    5.0   5.0
   400119512      5.0    4.0    4.5   5.0
   400121439      5.0    5.0    4.5   3.0
   400122281      5.0    5.0    3.0   5.0
   400123375      3.0    0.0    3.0   6.0
   400124951      5.0    5.0    4.5   5.0
   400125450      5.0    4.0    4.0   5.0
   400127280      5.0    5.0    5.0   5.0
   400129482      5.0    5.0    5.0   5.0
   400131890      5.0    5.0    3.0   5.0
   400132033      5.0    4.0    2.0   5.0
   400132543      3.0    3.0    3.0   5.0
   400134284      5.0    5.0    5.0   5.0
   400134659      5.0    5.0    3.0   5.0
   400134828      5.0    4.0    4.0   5.0
   400135582      5.0    5.0    3.0   5.0
   400136149      5.0    4.0    5.0   5.0
   400137397      5.0    5.0    4.0   5.0
   400137638      5.0    5.0    4.0   5.0
   400138024      5.0    5.0    5.0   5.0
   400138529      5.0    5.0    4.0   5.0
   400138646      5.0    5.0    5.0   5.0
   400140462      5.0    4.0    5.0   5.0
   400142243      5.0    5.0    5.0   5.0
   400142396      5.0    5.0    4.0   5.0
   400142537      5.0    5.0    3.0   5.0
   400144747      5.0    5.0    5.0   5.0
   400146049      5.0    5.0    5.0   5.0
   400146216      5.0    5.0    5.0   5.0
   400149670      5.0    3.0    5.0   5.0
   400151015      3.0    4.0    0.0   5.0
   400151097      3.0    3.0    0.0   5.0
   400158749      5.0    5.0    3.0   5.0
   400158853      5.0    5.0    3.0   5.0
   400159312      5.0    5.0    5.0   5.0
   400160537      3.0    4.0    5.0   5.0
